T = 0.007859130089188027
Ny = 127.24054553769524