T = 0.00806
Ny = 124.06948